1	700	700	700	700	700	700	700	700	700	700	750	750
2	700	700	700	700	700	700	750	750	750	750	800	800
3	700	700	700	700	750	750	750	750	800	800	850	850
4	700	700	750	750	750	750	800	800	800	850	900	900
5	700	750	750	750	750	800	800	850	850	900	950	1000
6	750	750	750	750	800	800	850	850	900	950	1000	1050
7	750	750	750	800	800	850	850	900	900	1000	1050	1100
8	750	750	800	800	800	850	900	900	950	1000	1100	1150
9	750	750	800	800	850	850	900	950	1000	1050	1150	1250
10	750	800	800	850	850	900	950	1000	1000	1100	1200	1300
11	750	800	800	850	850	900	950	1000	1050	1150	1250	1350
12	800	800	850	850	900	950	1000	1050	1100	1200	1300	1400
13	800	800	850	850	900	950	1000	1050	1150	1250	1350	1450
14	800	850	850	900	900	1000	1050	1100	1150	1300	1400	1550
15	800	850	850	900	950	1000	1050	1150	1200	1350	1450	1600
16	800	850	900	900	950	1050	1100	1150	1250	1400	1500	1650
17	800	850	900	950	950	1050	1100	1200	1250	1400	1550	1700
18	850	850	900	950	1000	1050	1150	1250	1300	1450	1650	1800
19	850	900	950	950	1000	1100	1200	1250	1350	1500	1700	1850
20	850	900	950	1000	1050	1100	1200	1300	1400	1550	1750	1900
21	850	900	950	1000	1050	1150	1250	1300	1400	1600	1800	1950
22	850	900	950	1000	1050	1150	1250	1350	1450	1650	1850	2050
23	900	950	1000	1050	1100	1200	1300	1400	1500	1700	1900	2100
24	900	950	1000	1050	1100	1200	1300	1400	1550	1750	1950	2150
25	900	950	1000	1050	1100	1250	1350	1450	1550	1800	2000	2250
26	900	950	1000	1100	1150	1250	1350	1500	1600	1850	2050	2300
27	900	1000	1050	1100	1150	1300	1400	1500	1650	1900	2100	2350
28	900	1000	1050	1100	1150	1300	1400	1550	1650	1900	2150	2400
29	950	1000	1050	1150	1200	1300	1450	1600	1700	1950	2250	2500
30	950	1000	1100	1150	1200	1350	1500	1600	1750	2000	2300	2550
31	950	1000	1100	1150	1250	1350	1500	1650	1800	2050	2350	2600
32	950	1050	1100	1200	1250	1400	1550	1700	1800	2100	2400	2700
33	950	1050	1100	1200	1250	1400	1550	1700	1850	2150	2450	2750
34	1000	1050	1150	1200	1300	1450	1600	1750	1900	2200	2500	2800
35	1000	1050	1150	1250	1300	1450	1600	1800	1950	2250	2550	2900
36	1000	1100	1150	1250	1300	1500	1650	1800	1950	2300	2600	2950
37	1000	1100	1200	1250	1350	1500	1700	1850	2000	2350	2700	3000
38	1000	1100	1200	1300	1350	1550	1700	1900	2050	2400	2750	3100
39	1050	1100	1200	1300	1400	1550	1750	1900	2100	2450	2800	3150
40	1050	1150	1200	1300	1400	1600	1750	1950	2150	2500	2850	3200
41	1050	1150	1250	1350	1400	1600	1800	2000	2150	2550	2900	3300
42	1050	1150	1250	1350	1450	1650	1850	2000	2200	2600	3000	3350
43	1050	1150	1250	1350	1450	1650	1850	2050	2250	2650	3050	3450
44	1100	1200	1300	1400	1500	1700	1900	2100	2300	2700	3100	3500
45	1100	1200	1300	1400	1500	1700	1900	2100	2350	2750	3150	3550
46	1100	1200	1300	1400	1500	1750	1950	2150	2350			
47	1100	1200	1350	1450	1550	1750	2000	2200	2400			
48	1100	1250	1350	1450	1550	1800	2000	2250	2450			
49	1150	1250	1350	1450	1600	1800	2050	2250	2500			
50	1150	1250	1350	1500	1600	1850	2050	2300	2550			
51	1150	1250	1400	1500	1650	1850	2100	2350	2600			
52	1150	1300	1400	1550	1650	1900	2150	2400	2650			
53	1150	1300	1400	1550	1650	1900	2150	2400	2650			
54	1200	1300	1450	1550	1700	1950	2200	2450	2700			
55	1200	1350	1450	1600	1700	2000	2250	2500	2750			
56	1200	1350	1450	1600	1750	2000	2250	2550	2800			
57	1200	1350	1500	1650	1750	2050	2300	2600	2850			
58	1250	1350	1500	1650	1800	2050	2350	2600	2900			
59	1250	1400	1500	1650	1800	2100	2350	2650	2950			
60	1250	1400	1550	1700	1850	2100	2400	2700	3000			
61	1250	1400	1550	1700	1850	2150	2450	2750	3050			
62	1300	1450	1600	1750	1900	2200	2500	2800	3100			
63	1300	1450	1600	1750	1900	2200	2500	2800	3150			
64	1300	1450	1600	1750	1900	2250	2550	2850	3150			
65	1300	1450	1650	1800	1950	2250	2600	2900	3200			
66	1300	1500	1650	1800	1950	2300	2600	2950	3250			
67	1350	1500	1650	1850	2000	2350	2650	3000	3300			
68	1350	1500	1700	1850	2000	2350	2700	3050	3350			
69	1350	1550	1700	1900	2050	2400	2750	3100	3400			
70	1400	1550	1750	1900	2100	2450	2800	3150	3500			
71	1400	1550	1750	1900	2100	2450	2800	3150	3550			
72	1400	1600	1750	1950	2150	2500	2850	3200	3600			
73	1400	1600	1800	1950	2150	2500	2900	3250	3650			
74	1450	1600	1800	2000	2200	2550	2950	3300	3700			
75	1450	1650	1850	2000	2200	2600	3000	3350	3750			
76	1450	1650	1850	2050	2250	2650	3000	3400	3800			
77	1450	1650	1850	2050	2250	2650	3050	3450	3850			
78	1500	1700	1900	2100	2300	2700	3100	3500	3900			
79	1500	1700	1900	2100	2300	2750	3150	3550	3950			
80	1500	1700	1950	2150	2350	2750	3200	3600	4050			
81	1550	1750	1950	2150	2400	2800	3250	3650	4100			
82	1550	1750	2000	2200	2400	2850	3300	3700	4150			
83	1550	1800	2000	2200	2450	2900	3350	3750	4200			
84	1600	1800	2050	2250	2500	2950	3400	3850	4300			
85	1600	1800	2050	2300	2500	2950	3400	3900	4350			
86	1600	1850	2050	2300	2550	3000	3450	3950	4400			
87	1600	1850	2100	2350	2550	3050	3500	4000	4450			
88	1650	1900	2100	2350	2600	3100	3550	4050	4550			
89	1650	1900	2150	2400	2650	3150	3600	4100	4600			
90	1650	1900	2150	2400	2650	3150	3650	4150	4650			
